18-01-2017 19:20;weight(95)
19-01-2017 19:24;weight(95)
20-01-2017 18:15;weight(95)
21-01-2017 18:51;weight(95)
22-01-2017 18:00;weight(93)
23-01-2017 17:22;weight(95)
24-01-2017 17:52;weight(93)
25-01-2017 18:19;weight(93)
26-01-2017 18:33;weight(93)
27-01-2017 19:30;weight(95)
28-01-2017 18:55;weight(95)
29-01-2017 17:52;weight(95)
30-01-2017 16:59;weight(95)
31-01-2017 16:52;weight(93)
01-02-2017 17:30;weight(93)
02-02-2017 17:15;weight(93)
03-02-2017 16:33;weight(95)
04-02-2017 17:06;weight(95)
05-02-2017 17:03;weight(93)
06-02-2017 17:54;weight(93)
07-02-2017 17:00;weight(93)
08-02-2017 16:28;weight(93)
09-02-2017 15:54;weight(93)
10-02-2017 15:12;weight(95)
11-02-2017 15:51;weight(93)
12-02-2017 16:45;weight(95)
13-02-2017 17:19;weight(95)
14-02-2017 17:48;weight(93)
15-02-2017 17:24;weight(93)
16-02-2017 16:26;weight(95)
17-02-2017 16:28;weight(95)
18-02-2017 16:13;weight(93)
19-02-2017 15:11;weight(93)
20-02-2017 14:03;weight(95)
21-02-2017 14:40;weight(95)
22-02-2017 13:46;weight(95)
23-02-2017 14:32;weight(93)
24-02-2017 15:34;weight(93)
25-02-2017 16:16;weight(93)
26-02-2017 15:16;weight(93)
27-02-2017 16:24;weight(93)
28-02-2017 16:21;weight(93)
01-03-2017 16:48;weight(95)
02-03-2017 17:30;weight(93)
03-03-2017 18:31;weight(93)
04-03-2017 19:42;weight(93)
05-03-2017 20:41;weight(95)
06-03-2017 21:32;weight(93)
07-03-2017 21:10;weight(95)
08-03-2017 21:22;weight(95)
09-03-2017 21:35;weight(93)
10-03-2017 22:08;weight(95)
11-03-2017 22:45;weight(95)
12-03-2017 22:15;weight(93)
13-03-2017 23:08;weight(95)
14-03-2017 23:22;weight(95)
15-03-2017 22:43;weight(95)
16-03-2017 22:57;weight(93)
17-03-2017 22:44;weight(93)
18-03-2017 23:36;weight(93)
19-03-2017 22:53;weight(95)
20-03-2017 23:38;weight(93)
21-03-2017 22:48;weight(95)
23-03-2017 00:00;weight(93)
24-03-2017 00:35;weight(93)
25-03-2017 00:10;weight(93)
26-03-2017 00:45;weight(93)
27-03-2017 02:04;weight(95)
28-03-2017 02:52;weight(95)
29-03-2017 03:22;weight(95)
30-03-2017 02:44;weight(95)
31-03-2017 02:09;weight(93)
01-04-2017 01:35;weight(93)
02-04-2017 00:33;weight(93)
02-04-2017 23:32;weight(93)
04-04-2017 00:31;weight(95)
05-04-2017 00:26;weight(95)
05-04-2017 23:40;weight(93)
06-04-2017 23:44;weight(95)
07-04-2017 23:47;weight(93)
08-04-2017 23:20;weight(95)
09-04-2017 23:05;weight(93)
10-04-2017 23:48;weight(95)
11-04-2017 22:39;weight(93)
12-04-2017 22:53;weight(95)
13-04-2017 22:17;weight(93)
14-04-2017 22:46;weight(93)
15-04-2017 22:28;weight(95)
16-04-2017 23:14;weight(93)
17-04-2017 22:35;weight(93)
18-04-2017 23:02;weight(93)
20-04-2017 00:14;weight(95)
21-04-2017 00:08;weight(95)
21-04-2017 23:34;weight(95)
22-04-2017 23:21;weight(95)
23-04-2017 22:43;weight(95)
24-04-2017 23:48;weight(93)
26-04-2017 00:27;weight(93)
26-04-2017 23:46;weight(95)
27-04-2017 22:35;weight(93)
28-04-2017 23:35;weight(95)
29-04-2017 23:19;weight(93)
30-04-2017 22:48;weight(95)
01-05-2017 23:22;weight(93)
02-05-2017 23:05;weight(95)
03-05-2017 23:34;weight(93)
04-05-2017 22:57;weight(95)
05-05-2017 21:51;weight(93)
06-05-2017 20:51;weight(95)
07-05-2017 21:10;weight(95)
08-05-2017 21:11;weight(95)
09-05-2017 22:14;weight(93)
10-05-2017 21:28;weight(93)
11-05-2017 20:49;weight(95)
12-05-2017 21:08;weight(95)
13-05-2017 21:22;weight(93)
14-05-2017 21:58;weight(93)
15-05-2017 20:52;weight(95)
16-05-2017 20:54;weight(93)
17-05-2017 21:18;weight(95)
18-05-2017 20:12;weight(95)
19-05-2017 20:02;weight(95)
20-05-2017 19:14;weight(95)
21-05-2017 20:11;weight(93)
22-05-2017 19:55;weight(93)
23-05-2017 19:33;weight(93)
24-05-2017 19:12;weight(93)
25-05-2017 19:20;weight(95)
26-05-2017 18:35;weight(95)
27-05-2017 18:29;weight(95)
28-05-2017 18:19;weight(93)
29-05-2017 19:10;weight(95)
30-05-2017 18:34;weight(95)
31-05-2017 19:12;weight(93)
01-06-2017 18:16;weight(95)
02-06-2017 17:45;weight(95)
03-06-2017 18:05;weight(93)
04-06-2017 19:14;weight(93)
05-06-2017 20:25;weight(93)
06-06-2017 20:52;weight(93)
07-06-2017 21:29;weight(93)
08-06-2017 21:03;weight(95)
09-06-2017 19:59;weight(95)
10-06-2017 20:01;weight(93)
11-06-2017 19:02;weight(93)
12-06-2017 19:05;weight(95)
13-06-2017 19:09;weight(95)
14-06-2017 18:47;weight(95)
15-06-2017 17:53;weight(95)
16-06-2017 17:15;weight(95)
17-06-2017 18:01;weight(95)
18-06-2017 19:11;weight(93)
19-06-2017 18:26;weight(95)
20-06-2017 17:23;weight(93)
21-06-2017 16:55;weight(93)
22-06-2017 16:39;weight(95)
23-06-2017 16:16;weight(95)
24-06-2017 17:16;weight(93)
25-06-2017 16:45;weight(95)
26-06-2017 16:26;weight(93)
27-06-2017 16:20;weight(95)
28-06-2017 16:18;weight(95)
29-06-2017 16:14;weight(95)
30-06-2017 17:08;weight(95)
01-07-2017 16:25;weight(95)
02-07-2017 17:32;weight(95)
03-07-2017 17:39;weight(93)
04-07-2017 16:59;weight(93)
05-07-2017 17:02;weight(95)
06-07-2017 16:39;weight(95)
07-07-2017 17:34;weight(95)
08-07-2017 17:50;weight(93)
09-07-2017 18:39;weight(95)
10-07-2017 19:24;weight(93)
11-07-2017 19:26;weight(95)
12-07-2017 19:58;weight(93)
13-07-2017 18:58;weight(93)
14-07-2017 18:39;weight(93)
15-07-2017 19:04;weight(95)
16-07-2017 18:49;weight(95)
17-07-2017 18:14;weight(95)
18-07-2017 17:49;weight(95)
19-07-2017 18:18;weight(95)
20-07-2017 18:20;weight(95)
21-07-2017 17:31;weight(93)
22-07-2017 17:24;weight(93)
23-07-2017 16:42;weight(95)
24-07-2017 17:09;weight(93)
25-07-2017 16:54;weight(93)
26-07-2017 15:56;weight(95)
27-07-2017 15:59;weight(95)
28-07-2017 15:34;weight(93)
29-07-2017 14:25;weight(93)
30-07-2017 13:52;weight(93)
31-07-2017 12:43;weight(93)
01-08-2017 12:02;weight(93)
02-08-2017 11:10;weight(93)
03-08-2017 11:40;weight(95)
04-08-2017 12:30;weight(93)
05-08-2017 12:58;weight(93)
06-08-2017 12:56;weight(93)
07-08-2017 12:32;weight(95)
08-08-2017 11:25;weight(93)
09-08-2017 10:15;weight(93)
10-08-2017 11:09;weight(95)
11-08-2017 11:25;weight(95)
12-08-2017 10:30;weight(93)
13-08-2017 10:25;weight(95)
14-08-2017 11:15;weight(93)
15-08-2017 12:00;weight(95)
16-08-2017 12:27;weight(95)
17-08-2017 12:18;weight(95)
18-08-2017 11:15;weight(95)
19-08-2017 10:10;weight(95)
20-08-2017 10:20;weight(93)
21-08-2017 10:08;weight(93)
22-08-2017 09:19;weight(93)
23-08-2017 09:48;weight(93)
24-08-2017 09:39;weight(95)
25-08-2017 09:51;weight(95)
26-08-2017 09:17;weight(93)
27-08-2017 09:26;weight(95)
28-08-2017 08:36;weight(95)
29-08-2017 08:53;weight(95)
30-08-2017 08:09;weight(95)
31-08-2017 08:51;weight(93)
01-09-2017 08:00;weight(93)
02-09-2017 08:26;weight(93)
03-09-2017 07:45;weight(93)
04-09-2017 07:53;weight(95)
05-09-2017 07:58;weight(95)
06-09-2017 09:01;weight(95)
07-09-2017 09:35;weight(95)
08-09-2017 10:35;weight(93)
09-09-2017 11:30;weight(93)
10-09-2017 12:23;weight(95)
11-09-2017 12:08;weight(95)
12-09-2017 11:53;weight(95)
13-09-2017 12:29;weight(95)
14-09-2017 12:00;weight(95)
15-09-2017 12:04;weight(93)
16-09-2017 11:07;weight(93)
17-09-2017 11:08;weight(93)
18-09-2017 12:20;weight(95)
19-09-2017 12:34;weight(93)
20-09-2017 12:55;weight(95)
21-09-2017 14:00;weight(93)
22-09-2017 13:01;weight(93)
23-09-2017 13:12;weight(93)
24-09-2017 14:18;weight(95)
25-09-2017 14:53;weight(93)
26-09-2017 15:38;weight(95)
27-09-2017 16:46;weight(95)
28-09-2017 17:33;weight(95)
29-09-2017 18:19;weight(93)
30-09-2017 17:43;weight(95)
01-10-2017 16:50;weight(95)
02-10-2017 17:48;weight(95)
03-10-2017 16:46;weight(93)
04-10-2017 15:46;weight(93)
05-10-2017 14:51;weight(93)
06-10-2017 14:12;weight(93)
07-10-2017 13:15;weight(93)
08-10-2017 13:26;weight(93)
09-10-2017 14:37;weight(93)
10-10-2017 15:13;weight(95)
11-10-2017 16:18;weight(93)
12-10-2017 15:36;weight(95)
13-10-2017 16:01;weight(93)
14-10-2017 15:33;weight(95)
15-10-2017 16:12;weight(95)
16-10-2017 16:48;weight(95)
17-10-2017 16:42;weight(95)
18-10-2017 15:33;weight(93)
19-10-2017 14:35;weight(93)
20-10-2017 15:07;weight(95)
21-10-2017 16:04;weight(95)
22-10-2017 15:12;weight(95)
23-10-2017 14:40;weight(95)
24-10-2017 14:35;weight(93)
25-10-2017 14:59;weight(93)
26-10-2017 15:25;weight(95)
27-10-2017 16:24;weight(93)
28-10-2017 15:50;weight(95)
29-10-2017 15:21;weight(93)
30-10-2017 15:21;weight(93)
31-10-2017 15:24;weight(93)
01-11-2017 14:58;weight(95)
02-11-2017 15:11;weight(95)
03-11-2017 15:27;weight(95)
04-11-2017 16:31;weight(93)
05-11-2017 16:27;weight(95)
06-11-2017 17:22;weight(93)
07-11-2017 18:18;weight(95)
08-11-2017 19:09;weight(93)
09-11-2017 20:09;weight(93)
10-11-2017 19:39;weight(95)
11-11-2017 19:28;weight(93)
12-11-2017 19:55;weight(95)
13-11-2017 19:38;weight(93)
14-11-2017 19:39;weight(95)
15-11-2017 19:01;weight(95)
16-11-2017 19:38;weight(93)
17-11-2017 19:48;weight(93)
18-11-2017 18:39;weight(93)
19-11-2017 17:41;weight(93)
20-11-2017 17:08;weight(93)
21-11-2017 17:29;weight(93)
22-11-2017 17:55;weight(95)
23-11-2017 18:13;weight(93)
24-11-2017 18:38;weight(95)
25-11-2017 18:03;weight(93)
26-11-2017 17:55;weight(95)
27-11-2017 18:59;weight(95)
28-11-2017 18:53;weight(95)
29-11-2017 18:25;weight(95)
30-11-2017 18:40;weight(95)
01-12-2017 18:51;weight(95)
02-12-2017 18:35;weight(95)
03-12-2017 18:08;weight(95)
04-12-2017 18:39;weight(95)
05-12-2017 18:15;weight(93)
06-12-2017 18:38;weight(93)
07-12-2017 18:31;weight(93)
08-12-2017 18:52;weight(95)
09-12-2017 18:37;weight(93)
10-12-2017 19:00;weight(95)
11-12-2017 18:15;weight(95)
12-12-2017 18:53;weight(93)
13-12-2017 19:37;weight(93)
14-12-2017 18:50;weight(93)
15-12-2017 18:29;weight(93)
16-12-2017 19:39;weight(93)
17-12-2017 18:46;weight(95)
18-12-2017 18:21;weight(95)
19-12-2017 17:12;weight(93)
20-12-2017 16:49;weight(93)
21-12-2017 17:57;weight(95)
22-12-2017 17:46;weight(95)
23-12-2017 17:44;weight(95)
24-12-2017 17:03;weight(95)
25-12-2017 17:12;weight(93)
26-12-2017 17:40;weight(95)
27-12-2017 17:13;weight(93)
28-12-2017 16:50;weight(93)
29-12-2017 17:20;weight(93)
30-12-2017 17:20;weight(95)
31-12-2017 16:16;weight(95)
01-01-2018 16:08;weight(95)
02-01-2018 16:41;weight(93)
03-01-2018 16:34;weight(93)
04-01-2018 16:15;weight(95)
05-01-2018 17:03;weight(93)
06-01-2018 16:19;weight(93)
07-01-2018 16:37;weight(93)
08-01-2018 16:25;weight(93)
09-01-2018 16:21;weight(93)
10-01-2018 16:35;weight(93)
11-01-2018 17:09;weight(95)
12-01-2018 18:02;weight(95)
13-01-2018 17:46;weight(95)
14-01-2018 17:13;weight(93)
15-01-2018 18:22;weight(95)
16-01-2018 19:28;weight(95)
17-01-2018 19:04;weight(95)
18-01-2018 18:24;weight(95)
19-01-2018 19:18;weight(93)
20-01-2018 18:32;weight(95)
21-01-2018 17:39;weight(95)
22-01-2018 17:52;weight(93)
23-01-2018 17:37;weight(93)
24-01-2018 18:38;weight(93)
25-01-2018 17:29;weight(95)
26-01-2018 16:20;weight(95)
27-01-2018 15:32;weight(95)
28-01-2018 16:16;weight(95)
29-01-2018 15:17;weight(95)
30-01-2018 14:19;weight(93)
31-01-2018 14:15;weight(95)
01-02-2018 14:39;weight(95)
02-02-2018 14:44;weight(93)
03-02-2018 14:58;weight(95)
04-02-2018 14:46;weight(95)
05-02-2018 14:53;weight(95)
06-02-2018 14:15;weight(93)
07-02-2018 13:50;weight(93)
08-02-2018 13:51;weight(93)
09-02-2018 14:46;weight(93)
10-02-2018 13:44;weight(93)
11-02-2018 14:03;weight(93)
12-02-2018 13:55;weight(93)
13-02-2018 14:58;weight(95)
14-02-2018 15:44;weight(95)
15-02-2018 14:34;weight(95)
16-02-2018 15:26;weight(95)
17-02-2018 14:45;weight(93)
18-02-2018 15:04;weight(93)
19-02-2018 14:42;weight(95)
20-02-2018 14:23;weight(95)
21-02-2018 13:41;weight(93)
22-02-2018 13:34;weight(93)
23-02-2018 13:42;weight(93)
24-02-2018 12:54;weight(95)
25-02-2018 13:45;weight(93)
26-02-2018 14:17;weight(93)
27-02-2018 13:05;weight(95)
28-02-2018 14:08;weight(93)
01-03-2018 14:18;weight(93)
02-03-2018 14:12;weight(93)
03-03-2018 14:39;weight(95)
04-03-2018 15:42;weight(95)
05-03-2018 15:55;weight(93)
06-03-2018 15:45;weight(93)
07-03-2018 14:38;weight(93)
08-03-2018 14:35;weight(95)
09-03-2018 13:47;weight(95)
10-03-2018 14:50;weight(95)
11-03-2018 13:53;weight(93)
12-03-2018 12:50;weight(95)
13-03-2018 13:24;weight(95)
14-03-2018 13:42;weight(93)
15-03-2018 12:57;weight(95)
16-03-2018 11:53;weight(93)
17-03-2018 11:05;weight(95)
18-03-2018 10:11;weight(95)
19-03-2018 09:45;weight(93)
20-03-2018 10:03;weight(95)
21-03-2018 10:16;weight(93)
22-03-2018 10:31;weight(95)
23-03-2018 09:49;weight(95)
24-03-2018 09:02;weight(95)
25-03-2018 10:17;weight(93)
26-03-2018 10:14;weight(95)
27-03-2018 09:54;weight(95)
28-03-2018 10:21;weight(95)
29-03-2018 10:55;weight(95)
30-03-2018 11:32;weight(93)
31-03-2018 12:01;weight(95)
01-04-2018 12:21;weight(95)
02-04-2018 12:06;weight(95)
03-04-2018 10:57;weight(93)
04-04-2018 11:38;weight(95)
05-04-2018 11:19;weight(93)
06-04-2018 12:13;weight(95)
07-04-2018 12:46;weight(93)
08-04-2018 12:36;weight(93)
09-04-2018 11:35;weight(95)
10-04-2018 10:24;weight(95)
11-04-2018 10:22;weight(95)
12-04-2018 10:18;weight(93)
13-04-2018 11:12;weight(93)
14-04-2018 11:18;weight(93)
15-04-2018 11:28;weight(93)
16-04-2018 12:06;weight(93)
17-04-2018 12:12;weight(95)
18-04-2018 11:56;weight(93)
19-04-2018 12:12;weight(93)
20-04-2018 13:00;weight(93)
21-04-2018 13:50;weight(93)
22-04-2018 13:21;weight(95)
23-04-2018 13:10;weight(93)
24-04-2018 13:36;weight(95)
25-04-2018 14:12;weight(93)
26-04-2018 14:18;weight(95)
27-04-2018 13:48;weight(93)
28-04-2018 14:20;weight(93)
29-04-2018 14:39;weight(93)
30-04-2018 15:23;weight(93)
01-05-2018 14:45;weight(95)
02-05-2018 15:25;weight(93)
03-05-2018 15:27;weight(93)
04-05-2018 14:52;weight(95)
05-05-2018 16:01;weight(95)
06-05-2018 16:31;weight(93)
07-05-2018 17:29;weight(93)
08-05-2018 17:22;weight(95)
09-05-2018 18:14;weight(95)
10-05-2018 19:19;weight(95)
11-05-2018 19:45;weight(93)
12-05-2018 20:09;weight(93)
13-05-2018 20:39;weight(95)
14-05-2018 19:56;weight(93)
15-05-2018 19:10;weight(93)
16-05-2018 19:52;weight(93)
17-05-2018 19:28;weight(93)
18-05-2018 18:20;weight(95)
19-05-2018 17:56;weight(93)
20-05-2018 18:42;weight(95)
21-05-2018 18:49;weight(93)
22-05-2018 19:41;weight(95)
23-05-2018 20:10;weight(93)
24-05-2018 20:14;weight(95)
25-05-2018 20:11;weight(95)
26-05-2018 19:09;weight(93)
27-05-2018 19:12;weight(95)
28-05-2018 18:11;weight(95)
29-05-2018 18:40;weight(93)
30-05-2018 19:20;weight(95)
31-05-2018 18:42;weight(95)
01-06-2018 18:24;weight(93)
02-06-2018 18:44;weight(93)
03-06-2018 19:09;weight(95)
04-06-2018 18:20;weight(95)
05-06-2018 18:39;weight(95)
06-06-2018 19:38;weight(95)
07-06-2018 18:35;weight(95)
08-06-2018 17:48;weight(95)
09-06-2018 17:31;weight(93)
10-06-2018 18:26;weight(93)
11-06-2018 19:16;weight(95)
12-06-2018 19:28;weight(93)
13-06-2018 20:08;weight(93)
14-06-2018 20:12;weight(95)
15-06-2018 19:27;weight(95)
16-06-2018 19:42;weight(93)
17-06-2018 18:59;weight(95)
18-06-2018 18:14;weight(93)
19-06-2018 19:25;weight(93)
20-06-2018 18:35;weight(95)
21-06-2018 18:02;weight(93)
22-06-2018 16:51;weight(95)
23-06-2018 17:12;weight(95)
24-06-2018 17:41;weight(95)
25-06-2018 18:26;weight(95)
26-06-2018 17:34;weight(93)
27-06-2018 17:20;weight(95)
28-06-2018 17:32;weight(95)
29-06-2018 17:32;weight(93)
30-06-2018 18:36;weight(93)
01-07-2018 18:33;weight(93)
02-07-2018 19:43;weight(95)
03-07-2018 18:52;weight(93)
04-07-2018 19:16;weight(95)
05-07-2018 20:05;weight(93)
06-07-2018 19:41;weight(95)
07-07-2018 20:22;weight(93)
08-07-2018 20:29;weight(93)
09-07-2018 19:23;weight(95)
10-07-2018 18:16;weight(95)
11-07-2018 17:31;weight(95)
12-07-2018 16:49;weight(95)
13-07-2018 17:24;weight(95)
14-07-2018 17:45;weight(93)
15-07-2018 17:22;weight(93)
16-07-2018 17:57;weight(95)
17-07-2018 18:24;weight(95)
18-07-2018 19:35;weight(93)
19-07-2018 18:23;weight(93)
20-07-2018 19:29;weight(95)
21-07-2018 19:12;weight(93)
22-07-2018 19:46;weight(93)
23-07-2018 19:46;weight(93)
24-07-2018 20:02;weight(93)
25-07-2018 20:20;weight(93)
26-07-2018 20:20;weight(93)
27-07-2018 19:40;weight(93)
28-07-2018 19:55;weight(93)
29-07-2018 20:21;weight(93)
30-07-2018 20:27;weight(95)
31-07-2018 20:41;weight(95)
01-08-2018 20:45;weight(95)
02-08-2018 21:22;weight(95)
03-08-2018 21:21;weight(95)
04-08-2018 21:13;weight(95)
05-08-2018 20:01;weight(95)
06-08-2018 18:58;weight(95)
07-08-2018 19:30;weight(95)
08-08-2018 18:20;weight(95)
09-08-2018 18:33;weight(95)
10-08-2018 19:01;weight(93)
11-08-2018 18:44;weight(95)
12-08-2018 17:45;weight(93)
13-08-2018 17:36;weight(93)
14-08-2018 18:31;weight(93)
15-08-2018 17:40;weight(93)
16-08-2018 18:48;weight(95)
17-08-2018 19:26;weight(93)
18-08-2018 19:50;weight(93)
19-08-2018 18:58;weight(95)
20-08-2018 18:16;weight(95)
21-08-2018 19:07;weight(95)
22-08-2018 20:00;weight(93)
23-08-2018 20:21;weight(93)
24-08-2018 20:14;weight(93)
25-08-2018 19:47;weight(95)
26-08-2018 20:26;weight(95)
27-08-2018 20:50;weight(93)
28-08-2018 21:20;weight(93)
29-08-2018 21:31;weight(93)
30-08-2018 20:52;weight(95)
31-08-2018 20:17;weight(93)
01-09-2018 21:13;weight(95)
02-09-2018 22:25;weight(93)
03-09-2018 23:23;weight(93)
04-09-2018 22:39;weight(95)
05-09-2018 22:45;weight(95)
06-09-2018 21:42;weight(95)
07-09-2018 22:17;weight(93)
08-09-2018 22:46;weight(93)
09-09-2018 23:55;weight(93)
10-09-2018 23:49;weight(93)
11-09-2018 23:03;weight(93)
13-09-2018 00:03;weight(93)
13-09-2018 23:38;weight(95)
14-09-2018 22:45;weight(93)
15-09-2018 22:36;weight(93)
16-09-2018 22:35;weight(95)
17-09-2018 21:51;weight(95)
18-09-2018 21:43;weight(93)
19-09-2018 20:38;weight(93)
20-09-2018 20:52;weight(93)
21-09-2018 21:50;weight(95)
22-09-2018 21:09;weight(93)
23-09-2018 20:51;weight(93)
24-09-2018 19:47;weight(95)
25-09-2018 19:54;weight(95)
26-09-2018 19:11;weight(93)
27-09-2018 19:52;weight(95)
28-09-2018 19:51;weight(95)
29-09-2018 19:29;weight(93)
30-09-2018 18:37;weight(95)
01-10-2018 19:36;weight(93)
02-10-2018 19:54;weight(95)
03-10-2018 21:03;weight(93)
04-10-2018 21:32;weight(95)
05-10-2018 22:12;weight(93)
06-10-2018 21:31;weight(95)
07-10-2018 22:30;weight(93)
08-10-2018 23:16;weight(95)
09-10-2018 22:23;weight(93)
10-10-2018 21:37;weight(95)
11-10-2018 22:41;weight(93)
12-10-2018 21:42;weight(95)
13-10-2018 20:44;weight(93)
14-10-2018 21:47;weight(93)
15-10-2018 21:32;weight(95)
16-10-2018 21:41;weight(93)
17-10-2018 22:25;weight(93)
18-10-2018 21:17;weight(95)
19-10-2018 21:51;weight(95)
20-10-2018 22:40;weight(93)
21-10-2018 23:47;weight(93)
22-10-2018 23:42;weight(95)
23-10-2018 23:45;weight(95)
24-10-2018 23:21;weight(93)
25-10-2018 22:57;weight(95)
26-10-2018 23:00;weight(93)
28-10-2018 00:08;weight(95)
28-10-2018 22:32;weight(95)
29-10-2018 22:29;weight(95)
30-10-2018 23:00;weight(95)
31-10-2018 23:20;weight(95)
01-11-2018 23:18;weight(93)
02-11-2018 23:08;weight(93)
03-11-2018 22:54;weight(95)
04-11-2018 23:32;weight(95)
05-11-2018 23:48;weight(93)
06-11-2018 22:56;weight(95)
07-11-2018 21:55;weight(93)
08-11-2018 21:55;weight(93)
09-11-2018 22:03;weight(93)
10-11-2018 22:29;weight(95)
11-11-2018 22:02;weight(93)
12-11-2018 21:00;weight(95)
13-11-2018 21:30;weight(93)
14-11-2018 22:06;weight(93)
15-11-2018 21:09;weight(93)
16-11-2018 20:50;weight(93)
17-11-2018 20:56;weight(93)
18-11-2018 21:44;weight(93)
19-11-2018 22:30;weight(95)
20-11-2018 23:10;weight(93)
21-11-2018 21:59;weight(95)
22-11-2018 21:01;weight(95)
23-11-2018 20:13;weight(93)
24-11-2018 19:17;weight(93)
25-11-2018 18:32;weight(95)
26-11-2018 17:21;weight(93)
27-11-2018 17:57;weight(95)
28-11-2018 19:02;weight(95)
29-11-2018 18:07;weight(93)
30-11-2018 19:13;weight(93)
01-12-2018 18:55;weight(93)
02-12-2018 19:37;weight(93)
03-12-2018 20:07;weight(95)
04-12-2018 20:25;weight(93)
05-12-2018 21:28;weight(93)
06-12-2018 22:10;weight(95)
07-12-2018 21:03;weight(95)
08-12-2018 21:59;weight(93)
09-12-2018 22:02;weight(93)
10-12-2018 20:58;weight(93)
11-12-2018 21:21;weight(95)
12-12-2018 20:47;weight(93)
13-12-2018 20:20;weight(93)
14-12-2018 20:51;weight(93)
15-12-2018 21:07;weight(95)
16-12-2018 20:53;weight(93)
17-12-2018 20:16;weight(95)
18-12-2018 19:25;weight(93)
19-12-2018 18:37;weight(95)
20-12-2018 17:46;weight(95)
21-12-2018 17:41;weight(93)
22-12-2018 17:06;weight(95)
23-12-2018 17:42;weight(95)
24-12-2018 18:42;weight(95)
25-12-2018 17:57;weight(95)
26-12-2018 18:22;weight(93)
27-12-2018 17:46;weight(93)
28-12-2018 18:18;weight(93)
29-12-2018 18:05;weight(95)
30-12-2018 16:58;weight(93)
31-12-2018 18:02;weight(93)
01-01-2019 19:10;weight(95)
02-01-2019 19:13;weight(95)
03-01-2019 20:23;weight(95)
04-01-2019 20:38;weight(93)
05-01-2019 21:13;weight(95)
06-01-2019 22:19;weight(95)
07-01-2019 22:15;weight(93)
08-01-2019 22:12;weight(93)
09-01-2019 21:56;weight(93)
10-01-2019 21:22;weight(93)
11-01-2019 21:04;weight(93)
12-01-2019 20:50;weight(93)
13-01-2019 20:47;weight(93)
14-01-2019 20:09;weight(93)
15-01-2019 20:37;weight(95)
16-01-2019 21:41;weight(93)
17-01-2019 21:57;weight(93)
18-01-2019 20:57;weight(95)
19-01-2019 21:36;weight(95)
20-01-2019 21:52;weight(95)
21-01-2019 21:43;weight(93)
22-01-2019 22:24;weight(93)
23-01-2019 21:35;weight(93)
24-01-2019 21:25;weight(95)
25-01-2019 22:32;weight(93)
26-01-2019 23:35;weight(93)
27-01-2019 23:15;weight(93)
28-01-2019 22:46;weight(93)
29-01-2019 21:59;weight(93)
30-01-2019 22:55;weight(95)
31-01-2019 22:36;weight(95)
01-02-2019 21:37;weight(93)
02-02-2019 20:50;weight(93)
03-02-2019 19:44;weight(93)
04-02-2019 20:09;weight(93)
05-02-2019 19:59;weight(95)
06-02-2019 20:30;weight(95)
07-02-2019 20:14;weight(95)
08-02-2019 19:59;weight(95)
09-02-2019 19:41;weight(95)
10-02-2019 20:10;weight(93)
11-02-2019 20:56;weight(95)
12-02-2019 21:04;weight(93)
13-02-2019 21:35;weight(95)
14-02-2019 22:40;weight(93)
15-02-2019 23:17;weight(93)
16-02-2019 23:27;weight(93)
17-02-2019 23:27;weight(95)
18-02-2019 23:18;weight(93)
19-02-2019 22:25;weight(93)
20-02-2019 22:48;weight(95)
21-02-2019 23:46;weight(93)
23-02-2019 00:14;weight(93)
24-02-2019 00:47;weight(93)
25-02-2019 01:24;weight(95)
26-02-2019 01:59;weight(93)
27-02-2019 01:12;weight(95)
28-02-2019 01:07;weight(95)
01-03-2019 01:53;weight(95)
02-03-2019 00:57;weight(95)
03-03-2019 01:28;weight(93)
04-03-2019 00:30;weight(93)
05-03-2019 01:40;weight(93)
06-03-2019 02:47;weight(93)
07-03-2019 02:32;weight(93)
08-03-2019 02:23;weight(93)
09-03-2019 03:13;weight(95)
10-03-2019 03:39;weight(93)
11-03-2019 03:29;weight(93)
12-03-2019 02:30;weight(93)
13-03-2019 02:50;weight(95)
14-03-2019 03:42;weight(93)
15-03-2019 04:43;weight(93)
16-03-2019 04:03;weight(93)
17-03-2019 03:41;weight(93)
18-03-2019 04:49;weight(95)
19-03-2019 05:01;weight(95)
20-03-2019 06:05;weight(93)
21-03-2019 07:05;weight(93)
22-03-2019 07:02;weight(95)
23-03-2019 07:45;weight(95)
24-03-2019 07:20;weight(95)
25-03-2019 08:27;weight(95)
26-03-2019 08:57;weight(93)
27-03-2019 09:02;weight(93)
28-03-2019 07:56;weight(95)
29-03-2019 09:00;weight(93)
30-03-2019 09:00;weight(95)
31-03-2019 09:02;weight(95)
01-04-2019 08:27;weight(95)
02-04-2019 08:19;weight(93)
03-04-2019 07:58;weight(95)
04-04-2019 08:15;weight(93)
05-04-2019 07:35;weight(93)
06-04-2019 06:35;weight(95)
07-04-2019 07:15;weight(95)
08-04-2019 08:17;weight(95)
09-04-2019 08:31;weight(95)
10-04-2019 08:04;weight(93)
11-04-2019 09:02;weight(95)
12-04-2019 07:56;weight(95)
13-04-2019 08:22;weight(95)
14-04-2019 09:28;weight(93)
15-04-2019 09:44;weight(93)
16-04-2019 09:28;weight(95)
17-04-2019 10:22;weight(93)
18-04-2019 10:06;weight(95)
19-04-2019 10:45;weight(95)
20-04-2019 11:34;weight(95)
21-04-2019 10:31;weight(95)
22-04-2019 10:49;weight(95)
23-04-2019 10:19;weight(95)
24-04-2019 10:47;weight(95)
25-04-2019 11:48;weight(93)
26-04-2019 12:24;weight(93)
27-04-2019 11:31;weight(93)
28-04-2019 11:27;weight(93)
29-04-2019 10:32;weight(95)
30-04-2019 10:28;weight(95)
01-05-2019 10:14;weight(93)
02-05-2019 09:32;weight(95)
03-05-2019 08:26;weight(93)
04-05-2019 08:53;weight(95)
05-05-2019 08:19;weight(95)
06-05-2019 08:03;weight(95)
07-05-2019 08:04;weight(93)
08-05-2019 07:39;weight(95)
09-05-2019 07:12;weight(93)
10-05-2019 08:00;weight(95)
11-05-2019 08:07;weight(95)
12-05-2019 06:59;weight(93)
13-05-2019 06:49;weight(95)
14-05-2019 06:10;weight(93)
15-05-2019 05:35;weight(93)
16-05-2019 04:49;weight(93)
17-05-2019 04:56;weight(93)
18-05-2019 03:53;weight(93)
19-05-2019 03:17;weight(93)
20-05-2019 03:15;weight(93)
21-05-2019 03:48;weight(93)
22-05-2019 02:44;weight(95)
23-05-2019 02:17;weight(95)
24-05-2019 01:30;weight(93)
25-05-2019 01:05;weight(95)
26-05-2019 01:09;weight(95)
27-05-2019 00:29;weight(95)
28-05-2019 00:09;weight(93)
29-05-2019 00:03;weight(93)
29-05-2019 23:16;weight(93)
30-05-2019 23:53;weight(93)
31-05-2019 23:20;weight(95)
02-06-2019 00:05;weight(95)
02-06-2019 23:26;weight(93)
03-06-2019 23:30;weight(93)
04-06-2019 22:59;weight(93)
05-06-2019 23:00;weight(95)
07-06-2019 00:11;weight(95)
07-06-2019 23:13;weight(93)
08-06-2019 22:12;weight(95)
09-06-2019 22:47;weight(93)
10-06-2019 21:57;weight(93)
11-06-2019 21:32;weight(95)
12-06-2019 21:01;weight(95)
13-06-2019 20:19;weight(95)
14-06-2019 20:17;weight(95)
15-06-2019 19:42;weight(93)
16-06-2019 19:26;weight(93)
17-06-2019 19:55;weight(95)
18-06-2019 20:23;weight(93)
19-06-2019 21:01;weight(93)
20-06-2019 21:58;weight(95)
21-06-2019 21:20;weight(93)
22-06-2019 21:47;weight(93)
23-06-2019 22:11;weight(95)
24-06-2019 23:10;weight(93)
25-06-2019 23:42;weight(93)
26-06-2019 23:21;weight(95)
27-06-2019 23:03;weight(93)
28-06-2019 23:26;weight(93)
30-06-2019 00:35;weight(95)
01-07-2019 01:13;weight(95)
02-07-2019 02:16;weight(95)
03-07-2019 02:43;weight(95)
04-07-2019 02:54;weight(95)
05-07-2019 02:28;weight(93)
06-07-2019 01:51;weight(95)
07-07-2019 02:06;weight(95)
